18.0000 3.86044
38.0000 3.65695
58.0000 3.75014
78.0000 3.74306
98.0000 3.75501
118.0000 3.79915
138.0000 3.65874
158.0000 3.75393
178.0000 3.6992
198.0000 3.84074
218.0000 3.67475
238.0000 3.75465
258.0000 3.63093
278.0000 3.65894
298.0000 3.76207
318.0000 3.63731
338.0000 3.65801
358.0000 3.6963
378.0000 3.82097
398.0000 3.80978
418.0000 3.72696
438.0000 3.63915
458.0000 3.58264
478.0000 3.74748
498.0000 3.65148
518.0000 3.85069
538.0000 3.83503
558.0000 3.66394
578.0000 3.57835
598.0000 3.6391
618.0000 3.71924
638.0000 3.76237
658.0000 3.8086
678.0000 3.67843
698.0000 3.53323
718.0000 3.80304
738.0000 3.77728
758.0000 3.61309
778.0000 3.76247
798.0000 3.76973
818.0000 3.96175
838.0000 3.68377
858.0000 3.81153
878.0000 3.70204
898.0000 3.75206
918.0000 3.73726
938.0000 3.72091
958.0000 3.63815
978.0000 3.70337
998.0000 3.74732
1018.0000 3.72302
1038.0000 3.64803
1058.0000 3.65994
1078.0000 3.80546
1098.0000 3.74125
1118.0000 3.76342
1138.0000 3.75733
1158.0000 3.71222
1178.0000 3.62406
1198.0000 3.68795
1218.0000 3.76907
1238.0000 3.69424
1258.0000 3.66944
1278.0000 3.66739
1298.0000 3.69516
1318.0000 3.72444
1338.0000 3.7146
1358.0000 3.77428
1378.0000 3.69459
1398.0000 3.75628
1418.0000 3.63487
1438.0000 3.64371
1458.0000 3.68501
1478.0000 3.78727
1498.0000 3.62492
1518.0000 3.67024
1538.0000 3.68091
1558.0000 3.63637
1578.0000 3.76597
1598.0000 3.74034
1618.0000 3.78298
1638.0000 3.69981
1658.0000 3.57101
1678.0000 3.76721
1698.0000 3.65649
1718.0000 3.78081
1738.0000 3.66467
1758.0000 3.75019
1778.0000 3.66886
1798.0000 3.78534
1818.0000 3.71738
1838.0000 3.60714
1858.0000 3.76359
1878.0000 3.70788
1898.0000 3.63182
1918.0000 3.60123
1938.0000 3.61566
1958.0000 3.63151
1978.0000 3.65037
1998.0000 3.72855
2018.0000 3.73982
2038.0000 3.83002
2058.0000 3.61228
2078.0000 3.74552
2098.0000 3.80659
2118.0000 3.77619
2138.0000 3.78109
2158.0000 3.76431
2178.0000 3.59142
2198.0000 3.82403
2218.0000 3.80285
2238.0000 3.76554
2258.0000 3.64912
2278.0000 3.63138
2298.0000 3.71277
2318.0000 3.69517
2338.0000 3.73419
2358.0000 3.73737
2378.0000 3.7956
2398.0000 3.7244
2418.0000 3.69678
2438.0000 3.6699
2458.0000 3.72774
2478.0000 3.58812
2498.0000 3.70037
2518.0000 3.84306
2538.0000 3.71191
2558.0000 3.62501
2578.0000 3.72083
2598.0000 3.72422
2618.0000 3.79506
2638.0000 3.80329
2658.0000 3.65845
2678.0000 3.76715
2698.0000 3.70977
2718.0000 3.79174
2738.0000 3.69438
2758.0000 3.67403
2778.0000 3.88146
2798.0000 3.72423
2818.0000 3.86935
2838.0000 3.72146
2858.0000 3.63219
2878.0000 3.66726
2898.0000 3.7673
2918.0000 3.64752
2938.0000 3.72022
2958.0000 3.5875
2978.0000 3.70989
2998.0000 3.79238
3018.0000 3.67995
3038.0000 3.65531
3058.0000 3.79482
3078.0000 3.62911
3098.0000 3.75745
3118.0000 3.78805
3138.0000 3.67904
3158.0000 3.68598
3178.0000 3.75321
3198.0000 3.74295
3218.0000 3.59038
3238.0000 3.59133
3258.0000 3.71159
3278.0000 3.66416
3298.0000 3.56817
3318.0000 3.80889
3338.0000 3.63132
3358.0000 3.67957
3378.0000 3.64973
3398.0000 3.74286
3418.0000 3.64404
3438.0000 3.59559
3458.0000 3.641
3478.0000 3.71552
3498.0000 3.67405
3518.0000 3.76251
3538.0000 3.68768
3558.0000 3.71036
3578.0000 3.68196
3598.0000 3.70221
3618.0000 3.84549
3638.0000 3.74354
3658.0000 3.66121
3678.0000 3.71121
3698.0000 3.67546
3718.0000 3.64057
3738.0000 3.60738
3758.0000 3.65975
3778.0000 3.57775
3798.0000 3.72632
3818.0000 3.69969
3838.0000 3.67624
3858.0000 3.6233
3878.0000 3.73124
3898.0000 3.71716
3918.0000 3.62132
3938.0000 3.51232
3958.0000 3.7023
3978.0000 3.79372
3998.0000 3.7834
4018.0000 3.81605
4038.0000 3.76196
4058.0000 3.67726
4078.0000 3.64852
4098.0000 3.68001
4118.0000 3.63425
4138.0000 3.78457
4158.0000 3.75177
4178.0000 3.75574
4198.0000 3.59008
4218.0000 3.59961
4238.0000 3.79527
4258.0000 3.83546
4278.0000 3.77267
4298.0000 3.697
4318.0000 3.85868
4338.0000 3.60972
4358.0000 3.85173
4378.0000 3.71735
4398.0000 3.73954
4418.0000 3.71459
4438.0000 3.72654
4458.0000 3.84117
4478.0000 3.60236
4498.0000 3.68492
4518.0000 3.69263
4538.0000 3.62136
4558.0000 3.57038
4578.0000 3.85295
4598.0000 3.71143
4618.0000 3.70188
4638.0000 3.69859
4658.0000 3.71835
4678.0000 3.64438
4698.0000 3.71013
4718.0000 3.70356
4738.0000 3.67353
4758.0000 3.7589
4778.0000 3.51463
4798.0000 3.64671
4818.0000 3.66623
4838.0000 3.6065
4858.0000 3.88535
4878.0000 3.64055
4898.0000 3.79187
4918.0000 3.64185
4938.0000 3.6968
4958.0000 3.59474
4978.0000 3.74343
4998.0000 3.75132
5018.0000 3.64061
5038.0000 3.75044
5058.0000 3.61763
5078.0000 3.71844
5098.0000 3.75835
5118.0000 3.65785
5138.0000 3.5727
5158.0000 3.80052
5178.0000 3.76371
5198.0000 3.54953
5218.0000 3.56723
5238.0000 3.6928
5258.0000 3.78303
5278.0000 3.75075
5298.0000 3.62654
5318.0000 3.78587
5338.0000 3.78312
5358.0000 3.84903
5378.0000 3.74428
5398.0000 3.79154
5418.0000 3.81016
5438.0000 3.76851
5458.0000 3.81133
5478.0000 3.616
5498.0000 3.66511
5518.0000 3.91057
5538.0000 3.87066
5558.0000 3.76434
5578.0000 3.6685
5598.0000 3.75097
5618.0000 3.66886
5638.0000 3.73307
5658.0000 3.67691
5678.0000 3.72697
5698.0000 3.8264
5718.0000 3.66223
5738.0000 3.60629
5758.0000 3.80754
5778.0000 3.74389
5798.0000 3.68463
5818.0000 3.80187
5838.0000 3.74125
5858.0000 3.68212
5878.0000 3.73077
5898.0000 3.73389
5918.0000 3.70116
5938.0000 3.85578
5958.0000 3.72586
5978.0000 3.80113
5998.0000 3.74892
6018.0000 3.81883
6038.0000 3.71663
6058.0000 3.72124
6078.0000 3.72175
6098.0000 3.67224
6118.0000 3.70025
6138.0000 3.86898
6158.0000 3.84727
6178.0000 3.68021
6198.0000 3.81845
6218.0000 3.64911
6238.0000 3.76649
6258.0000 3.64048
6278.0000 3.8261
6298.0000 3.66361
6318.0000 3.7101
6338.0000 3.68208
6358.0000 3.7725
6378.0000 3.66518
6398.0000 3.6744
6418.0000 3.79774
6438.0000 3.83616
6458.0000 3.75524
6478.0000 3.7475
6498.0000 3.62601
6518.0000 3.66008
6538.0000 3.77078
6558.0000 3.71733
6578.0000 3.68806
6598.0000 3.67467
6618.0000 3.75526
6638.0000 3.71718
6658.0000 3.77145
6678.0000 3.71191
6698.0000 3.71363
6718.0000 3.63654
6738.0000 3.73153
6758.0000 3.57588
6778.0000 3.75262
6798.0000 3.78679
6818.0000 3.71063
6838.0000 3.71471
6858.0000 3.62547
6878.0000 3.6843
6898.0000 3.72245
6918.0000 3.67199
6938.0000 3.77926
6958.0000 3.69003
6978.0000 3.63527
6998.0000 3.77984
7018.0000 3.79093
7038.0000 3.67548
7058.0000 3.63974
7078.0000 3.59837
7098.0000 3.74317
7118.0000 3.78078
7138.0000 3.70375
7158.0000 3.6566
7178.0000 3.73376
7198.0000 3.5852
7218.0000 3.7892
7238.0000 3.59072
7258.0000 3.74513
7278.0000 3.65318
7298.0000 3.70415
7318.0000 3.74019
7338.0000 3.76043
7358.0000 3.69596
7378.0000 3.73901
7398.0000 3.8186
7418.0000 3.64798
7438.0000 3.76399
7458.0000 3.59993
7478.0000 3.6868
7498.0000 3.70366
7518.0000 3.71513
7538.0000 3.67625
7558.0000 3.61446
7578.0000 3.65545
7598.0000 3.70362
7618.0000 3.78792
7638.0000 3.63123
7658.0000 3.72029
7678.0000 3.69945
7698.0000 3.66622
7718.0000 3.85748
7738.0000 3.72808
7758.0000 3.93805
7778.0000 3.63751
7798.0000 3.65153
7818.0000 3.72332
7838.0000 3.61269
7858.0000 3.68544
7878.0000 3.80159
7898.0000 3.73211
7918.0000 3.72651
7938.0000 3.75989
7958.0000 3.69033
7978.0000 3.5594
7998.0000 3.77436
8018.0000 3.52647
8038.0000 3.75173
8058.0000 3.61555
8078.0000 3.72122
8098.0000 3.70574
8118.0000 3.73759
8138.0000 3.62993
8158.0000 3.62752
8178.0000 3.64438
8198.0000 3.8514
8218.0000 3.72365
8238.0000 3.57037
8258.0000 3.68205
8278.0000 3.85234
8298.0000 3.94159
8318.0000 3.62117
8338.0000 3.77591
8358.0000 3.65515
8378.0000 3.7465
8398.0000 3.68296
8418.0000 3.73779
8438.0000 3.71571
8458.0000 3.71895
8478.0000 3.55554
8498.0000 3.58761
8518.0000 3.65414
8538.0000 3.67965
8558.0000 3.7063
8578.0000 3.69448
8598.0000 3.86241
8618.0000 3.74764
8638.0000 3.70918
8658.0000 3.59371
8678.0000 3.55467
8698.0000 3.7248
8718.0000 3.75858
8738.0000 3.70965
8758.0000 3.76214
8778.0000 3.73955
8798.0000 3.72586
8818.0000 3.74211
8838.0000 3.7395
8858.0000 3.66595
8878.0000 3.58322
8898.0000 3.62277
8918.0000 3.70349
8938.0000 3.80395
8958.0000 3.80648
8978.0000 3.83889
8998.0000 3.69718
9018.0000 3.74288
9038.0000 3.63681
9058.0000 3.72533
9078.0000 3.80552
9098.0000 3.79786
9118.0000 3.65702
9138.0000 3.75878
9158.0000 3.68145
9178.0000 3.67092
9198.0000 3.66777
9218.0000 3.80144
9238.0000 3.7718
9258.0000 3.70661
9278.0000 3.64631
9298.0000 3.71186
9318.0000 3.64719
9338.0000 3.63415
9358.0000 3.78818
9378.0000 3.76523
9398.0000 3.77282
9418.0000 3.76958
9438.0000 3.61032
9458.0000 3.78555
9478.0000 3.76157
9498.0000 3.631
9518.0000 3.67098
9538.0000 3.82733
9558.0000 3.65085
9578.0000 3.69703
9598.0000 3.70977
9618.0000 3.64837
9638.0000 3.73771
9658.0000 3.77366
9678.0000 3.75197
9698.0000 3.72657
9718.0000 3.85149
9738.0000 3.72348
9758.0000 3.62945
9778.0000 3.71992
9798.0000 3.68942
9818.0000 3.70131
9838.0000 3.71102
9858.0000 3.71882
9878.0000 3.7901
9898.0000 3.71644
9918.0000 3.74611
9938.0000 3.62903
9958.0000 3.82198
9978.0000 3.76212
9998.0000 3.75907
10018.0000 3.61933
10038.0000 3.68973
10058.0000 3.69777
10078.0000 3.75427
10098.0000 3.71795
10118.0000 3.67328
10138.0000 3.81699
10158.0000 3.77922
10178.0000 3.70257
10198.0000 3.81053
10218.0000 3.65247
10238.0000 3.65179
10258.0000 3.63238
10278.0000 3.57439
10298.0000 3.6785
10318.0000 3.74878
10338.0000 3.63573
10358.0000 3.63907
10378.0000 3.6882
10398.0000 3.69211
10418.0000 3.79874
10438.0000 3.68828
10458.0000 3.60749
10478.0000 3.73572
10498.0000 3.7016
10518.0000 3.68653
10538.0000 3.67778
10558.0000 3.75142
10578.0000 3.5856
10598.0000 3.54802
10618.0000 3.80278
10638.0000 3.70021
10658.0000 3.69795
10678.0000 3.65736
10698.0000 3.8259
10718.0000 3.67328
10738.0000 3.71444
10758.0000 3.62514
10778.0000 3.71765
10798.0000 3.70929
10818.0000 3.74711
10838.0000 3.65574
10858.0000 3.67163
10878.0000 3.72892
10898.0000 3.79789
10918.0000 3.65185
10938.0000 3.67259
10958.0000 3.83251
10978.0000 3.7504
10998.0000 3.62045
11018.0000 3.70341
11038.0000 3.68877
11058.0000 3.71525
11078.0000 3.80548
11098.0000 3.66902
11118.0000 3.68896
11138.0000 3.77392
11158.0000 3.72738
11178.0000 3.73179
11198.0000 3.73854
11218.0000 3.73099
11238.0000 3.73797
11258.0000 3.62168
11278.0000 3.64262
11298.0000 3.73575
11318.0000 3.82059
11338.0000 3.85647
11358.0000 3.6413
11378.0000 3.70922
11398.0000 3.84918
11418.0000 3.73972
11438.0000 3.80355
11458.0000 3.61936
11478.0000 3.66861
11498.0000 3.67656
11518.0000 3.7299
11538.0000 3.79286
11558.0000 3.77415
11578.0000 3.66028
11598.0000 3.67821
11618.0000 3.78341
11638.0000 3.84685
11658.0000 3.58331
11678.0000 3.61482
11698.0000 3.75762
11718.0000 3.82188
11738.0000 3.64678
11758.0000 3.62019
11778.0000 3.76979
11798.0000 3.65729
11818.0000 3.79411
11838.0000 3.69987
11858.0000 3.67218
11878.0000 3.6646
11898.0000 3.64813
11918.0000 3.77872
11938.0000 3.79798
11958.0000 3.78759
11978.0000 3.60196
11998.0000 3.81715
12018.0000 3.73993
12038.0000 3.78928
12058.0000 3.64105
12078.0000 3.64355
12098.0000 3.82596
12118.0000 3.80397
12138.0000 3.81405
12158.0000 3.74341
12178.0000 3.79288
12198.0000 3.80265
12218.0000 3.74713
12238.0000 3.78186
12258.0000 3.66644
12278.0000 3.60751
12298.0000 3.5797
12318.0000 3.64694
12338.0000 3.63763
12358.0000 3.5788
12378.0000 3.61088
12398.0000 3.62598
12418.0000 3.65069
12438.0000 3.61691
12458.0000 3.69792
12478.0000 3.61909
12498.0000 3.64624
12518.0000 3.7225
12538.0000 3.64533
12558.0000 3.75112
12578.0000 3.68584
12598.0000 3.69549
12618.0000 3.71851
12638.0000 3.83382
12658.0000 3.78649
12678.0000 3.68543
12698.0000 3.7351
12718.0000 3.63233
12738.0000 3.57029
12758.0000 3.7189
12778.0000 3.66121
12798.0000 3.72166
12818.0000 3.69122
12838.0000 3.77023
12858.0000 3.73875
12878.0000 3.67519
12898.0000 3.65618
12918.0000 3.70725
12938.0000 3.77622
12958.0000 3.72772
12978.0000 3.60589
12998.0000 3.66143
13018.0000 3.70053
13038.0000 3.65479
13058.0000 3.76943
13078.0000 3.73318
13098.0000 3.77132
13118.0000 3.83525
13138.0000 3.77464
13158.0000 3.77493
13178.0000 3.7005
13198.0000 3.66847
13218.0000 3.74755
13238.0000 3.63916
13258.0000 3.741
13278.0000 3.80919
13298.0000 3.73418
13318.0000 3.72972
13338.0000 3.69701
13358.0000 3.66118
13378.0000 3.7589
13398.0000 3.72195
13418.0000 3.62757
13438.0000 3.8201
13458.0000 3.77164
13478.0000 3.73381
13498.0000 3.73614
13518.0000 3.63817
13538.0000 3.67127
13558.0000 3.6749
13578.0000 3.82965
13598.0000 3.70503
13618.0000 3.65411
13638.0000 3.70305
13658.0000 3.61502
13678.0000 3.79519
13698.0000 3.58877
13718.0000 3.72346
13738.0000 3.68283
13758.0000 3.79735
13778.0000 3.6751
13798.0000 3.66879
13818.0000 3.54546
13838.0000 3.78847
13858.0000 3.68671
13878.0000 3.63601
13898.0000 3.73424
13918.0000 3.77022
13938.0000 3.73644
13958.0000 3.72649
13978.0000 3.79154
13998.0000 3.78013
14018.0000 3.74691
14038.0000 3.57463
14058.0000 3.72163
14078.0000 3.66572
14098.0000 3.69634
14118.0000 3.65062
14138.0000 3.758
14158.0000 3.69121
14178.0000 3.5869
14198.0000 3.57428
14218.0000 3.63131
14238.0000 3.70038
14258.0000 3.7118
14278.0000 3.72611
14298.0000 3.91347
14318.0000 3.75526
14338.0000 3.69867
14358.0000 3.53603
14378.0000 3.66685
14398.0000 3.74148
14418.0000 3.57554
14438.0000 3.72832
14458.0000 3.71583
14478.0000 3.74014
14498.0000 3.55105
14518.0000 3.72077
14538.0000 3.60842
14558.0000 3.85459
14578.0000 3.61479
14598.0000 3.85814
14618.0000 3.62823
14638.0000 3.6707
14658.0000 3.67565
14678.0000 3.75672
14698.0000 3.71527
14718.0000 3.6583
14738.0000 3.7406
14758.0000 3.63015
14778.0000 3.72341
14798.0000 3.82428
14818.0000 3.70186
14838.0000 3.75175
14858.0000 3.65667
14878.0000 3.62844
14898.0000 3.67747
14918.0000 3.76873
14938.0000 3.70786
14958.0000 3.6284
14978.0000 3.77906
14998.0000 3.7206
15018.0000 3.76749
15038.0000 3.83273
15058.0000 3.73284
15078.0000 3.55649
15098.0000 3.72113
15118.0000 3.72243
15138.0000 3.63953
15158.0000 3.6081
15178.0000 3.70512
15198.0000 3.78076
15218.0000 3.74737
15238.0000 3.73633
15258.0000 3.7423
15278.0000 3.68271
15298.0000 3.70025
15318.0000 3.76439
15338.0000 3.76217
15358.0000 3.69892
15378.0000 3.80084
15398.0000 3.66647
15418.0000 3.8047
15438.0000 3.84967
15458.0000 3.72287
15478.0000 3.70397
15498.0000 3.64465
15518.0000 3.62402
15538.0000 3.69673
15558.0000 3.64623
15578.0000 3.82134
15598.0000 3.71867
15618.0000 3.7967
15638.0000 3.75023
15658.0000 3.67345
15678.0000 3.67664
15698.0000 3.93133
15718.0000 3.84131
15738.0000 3.72888
15758.0000 3.56611
15778.0000 3.68247
15798.0000 3.65129
15818.0000 3.69948
15838.0000 3.69108
15858.0000 3.77769
15878.0000 3.75074
15898.0000 3.71396
15918.0000 3.61325
15938.0000 3.65076
15958.0000 3.64683
15978.0000 3.72379
15998.0000 3.7142
16018.0000 3.68646
16038.0000 3.72676
16058.0000 3.6296
16078.0000 3.80875
16098.0000 3.73613
16118.0000 3.71957
16138.0000 3.69869
16158.0000 3.65408
16178.0000 3.72173
16198.0000 3.62934
16218.0000 3.78172
16238.0000 3.58629
16258.0000 3.73525
16278.0000 3.83887
16298.0000 3.71763
16318.0000 3.67041
16338.0000 3.64175
16358.0000 3.56036
16378.0000 3.80356
16398.0000 3.89846
16418.0000 3.6999
16438.0000 3.59369
16458.0000 3.83652
16478.0000 3.83764
16498.0000 3.59909
16518.0000 3.70366
16538.0000 3.62834
16558.0000 3.69943
16578.0000 3.66521
16598.0000 3.73637
16618.0000 3.79403
16638.0000 3.65682
16658.0000 3.68831
16678.0000 3.69568
16698.0000 3.83352
16718.0000 3.69676
16738.0000 3.77472
16758.0000 3.74712
16778.0000 3.82496
16798.0000 3.71358
16818.0000 3.70473
16838.0000 3.6534
16858.0000 3.70631
16878.0000 3.67677
16898.0000 3.56963
16918.0000 3.70278
16938.0000 3.72823
16958.0000 3.67364
16978.0000 3.60658
16998.0000 3.67748
17018.0000 3.7759
17038.0000 3.68861
17058.0000 3.712
17078.0000 3.69997
17098.0000 3.63316
17118.0000 3.75091
17138.0000 3.70652
17158.0000 3.63872
17178.0000 3.75192
17198.0000 3.68383
17218.0000 3.78985
17238.0000 3.78408
17258.0000 3.76105
17278.0000 3.78411
17298.0000 3.60401
17318.0000 3.66171
17338.0000 3.68336
17358.0000 3.68728
17378.0000 3.63268
17398.0000 3.75116
17418.0000 3.68304
17438.0000 3.76208
17458.0000 3.77198
17478.0000 3.79821
17498.0000 3.75913
17518.0000 3.52493
17538.0000 3.75316
17558.0000 3.80007
17578.0000 3.73723
17598.0000 3.77286
17618.0000 3.72065
17638.0000 3.80946
17658.0000 3.79683
17678.0000 3.73849
17698.0000 3.77365
17718.0000 3.65197
17738.0000 3.71868
17758.0000 3.58253
17778.0000 3.66014
17798.0000 3.79957
17818.0000 3.78849
17838.0000 3.71739
17858.0000 3.70332
17878.0000 3.64974
17898.0000 3.72845
17918.0000 3.71121
17938.0000 3.70159
17958.0000 3.65561
17978.0000 3.78823
17998.0000 3.65033
18018.0000 3.71408
18038.0000 3.71629
18058.0000 3.61118
18078.0000 3.61259
18098.0000 3.75773
18118.0000 3.74991
18138.0000 3.68547
18158.0000 3.8625
18178.0000 3.7208
18198.0000 3.669
18218.0000 3.66934
18238.0000 3.68598
18258.0000 3.65502
18278.0000 3.63881
18298.0000 3.73649
18318.0000 3.81275
18338.0000 3.82877
18358.0000 3.8121
18378.0000 3.74198
18398.0000 3.82657
18418.0000 3.63665
18438.0000 3.76568
18458.0000 3.80449
18478.0000 3.78799
18498.0000 3.83203
18518.0000 3.70256
18538.0000 3.72524
18558.0000 3.65459
18578.0000 3.80325
18598.0000 3.65984
18618.0000 3.71089
18638.0000 3.77982
18658.0000 3.58051
18678.0000 3.67955
18698.0000 3.63767
18718.0000 3.60557
18738.0000 3.71944
18758.0000 3.69689
18778.0000 3.7811
18798.0000 3.71984
18818.0000 3.75126
18838.0000 3.83965
18858.0000 3.75709
18878.0000 3.79285
18898.0000 3.77213
18918.0000 3.7145
18938.0000 3.79666
18958.0000 3.81465
18978.0000 3.85791
18998.0000 3.67119
19018.0000 3.72364
19038.0000 3.67648
19058.0000 3.73327
19078.0000 3.72856
19098.0000 3.69512
19118.0000 3.70278
19138.0000 3.68645
19158.0000 3.64942
19178.0000 3.57397
19198.0000 3.72032
19218.0000 3.73654
19238.0000 3.65848
19258.0000 3.61705
19278.0000 3.73515
19298.0000 3.7257
19318.0000 3.6527
19338.0000 3.6389
19358.0000 3.70313
19378.0000 3.69422
19398.0000 3.76509
19418.0000 3.63021
19438.0000 3.67408
19458.0000 3.82492
19478.0000 3.87057
19498.0000 3.74967
19518.0000 3.76976
19538.0000 3.68201
19558.0000 3.62756
19578.0000 3.78917
19598.0000 3.75642
19618.0000 3.58988
19638.0000 3.82679
19658.0000 3.65382
19678.0000 3.72702
19698.0000 3.61825
19718.0000 3.85002
19738.0000 3.82804
19758.0000 3.68068
19778.0000 3.78272
19798.0000 3.74513
19818.0000 3.84468
19838.0000 3.72757
19858.0000 3.66957
19878.0000 3.79789
19898.0000 3.74064
19918.0000 3.67946
19938.0000 3.652
19958.0000 3.6506
19978.0000 3.74526
19998.0000 3.76361
20018.0000 3.79481
20038.0000 3.77943
20058.0000 3.72362
20078.0000 3.62759
20098.0000 3.6446
20118.0000 3.78415
20138.0000 3.72038
20158.0000 3.68021
20178.0000 3.806
20198.0000 3.62554
20218.0000 3.67884
20238.0000 3.61091
20258.0000 3.7554
20278.0000 3.71618
20298.0000 3.59126
20318.0000 3.57505
20338.0000 3.75852
20358.0000 3.7174
20378.0000 3.69372
20398.0000 3.72586
20418.0000 3.66325
20438.0000 3.63569
20458.0000 3.70086
20478.0000 3.74227
20498.0000 3.73298
20518.0000 3.70051
20538.0000 3.55052
20558.0000 3.81786
20578.0000 3.63285
20598.0000 3.57587
20618.0000 3.74847
20638.0000 3.73865
20658.0000 3.74696
20678.0000 3.71574
20698.0000 3.75714
20718.0000 3.72729
20738.0000 3.79891
20758.0000 3.70321
20778.0000 3.69556
20798.0000 3.74172
20818.0000 3.80202
20838.0000 3.67013
20858.0000 3.83421
20878.0000 3.74202
20898.0000 3.74139
20918.0000 3.75492
20938.0000 3.71981
20958.0000 3.69618
20978.0000 3.70722
20998.0000 3.74465
21018.0000 3.65681
21038.0000 3.78335
21058.0000 3.7916
21078.0000 3.70854
21098.0000 3.60716
21118.0000 3.79082
21138.0000 3.81679
21158.0000 3.72459
21178.0000 3.72777
21198.0000 3.73943
21218.0000 3.79829
21238.0000 3.66386
21258.0000 3.56008
21278.0000 3.82284
21298.0000 3.74217
21318.0000 3.68533
21338.0000 3.67389
21358.0000 3.76401
21378.0000 3.62904
21398.0000 3.72887
21418.0000 3.79667
21438.0000 3.74716
21458.0000 3.6994
21478.0000 3.73996
21498.0000 3.78617
21518.0000 3.77158
21538.0000 3.82538
21558.0000 3.67103
21578.0000 3.58641
21598.0000 3.79388
21618.0000 3.65445
21638.0000 3.76878
21658.0000 3.80254
21678.0000 3.64584
21698.0000 3.62357
21718.0000 3.60829
21738.0000 3.77087
21758.0000 3.69404
21778.0000 3.64298
21798.0000 3.72897
21818.0000 3.74211
21838.0000 3.70367
21858.0000 3.78058
21878.0000 3.81095
21898.0000 3.80245
21918.0000 3.83155
21938.0000 3.72494
21958.0000 3.64538
21978.0000 3.69181
21998.0000 3.74273
22018.0000 3.66105
22038.0000 3.76747
22058.0000 3.69422
22078.0000 3.64913
22098.0000 3.77931
22118.0000 3.64973
22138.0000 3.76544
22158.0000 3.72145
22178.0000 3.75303
22198.0000 3.71799
22218.0000 3.58166
22238.0000 3.68462
22258.0000 3.68248
22278.0000 3.61546
22298.0000 3.73785
22318.0000 3.74278
22338.0000 3.62414
22358.0000 3.80592
22378.0000 3.80011
22398.0000 3.79223
22418.0000 3.61111
22438.0000 3.70271
22458.0000 3.61593
22478.0000 3.86121
22498.0000 3.64027
22518.0000 3.61593
22538.0000 3.78102
22558.0000 3.61001
22578.0000 3.62577
22598.0000 3.80132
22618.0000 3.56979
22638.0000 3.63341
22658.0000 3.64897
22678.0000 3.59125
22698.0000 3.64998
22718.0000 3.69642
22738.0000 3.72479
22758.0000 3.87136
22778.0000 3.7245
22798.0000 3.63344
22818.0000 3.64068
22838.0000 3.63081
22858.0000 3.66652
22878.0000 3.67443
22898.0000 3.73441
22918.0000 3.77503
22938.0000 3.74096
22958.0000 3.70685
22978.0000 3.70939
22998.0000 3.85605
23018.0000 3.75969
23038.0000 3.84609
23058.0000 3.93497
23078.0000 3.80622
23098.0000 3.72912
23118.0000 3.79903
23138.0000 3.76874
23158.0000 3.67706
23178.0000 3.67797
23198.0000 3.64377
23218.0000 3.62764
23238.0000 3.90402
23258.0000 3.8616
23278.0000 3.66404
23298.0000 3.68716
23318.0000 3.55119
23338.0000 3.70036
23358.0000 3.74639
23378.0000 3.79921
23398.0000 3.73125
23418.0000 3.61899
23438.0000 3.73546
23458.0000 3.64116
23478.0000 3.85677
23498.0000 3.65075
23518.0000 3.81496
23538.0000 3.69144
23558.0000 3.68311
23578.0000 3.79276
23598.0000 3.70911
23618.0000 3.63601
23638.0000 3.65935
23658.0000 3.70221
23678.0000 3.72874
23698.0000 3.65805
23718.0000 3.58363
23738.0000 3.57975
23758.0000 3.58084
23778.0000 3.72267
23798.0000 3.73073
23818.0000 3.73959
23838.0000 3.71127
23858.0000 3.75036
23878.0000 3.76036
23898.0000 3.63784
23918.0000 3.76086
23938.0000 3.6526
23958.0000 3.67742
23978.0000 3.58528
23998.0000 3.76056
24018.0000 3.63521
24038.0000 3.63299
24058.0000 3.78941
24078.0000 3.65454
24098.0000 3.83481
24118.0000 3.73677
24138.0000 3.68196
24158.0000 3.70889
24178.0000 3.80029
24198.0000 3.56659
24218.0000 3.71761
24238.0000 3.64586
24258.0000 3.68766
24278.0000 3.73816
24298.0000 3.75488
24318.0000 3.70848
24338.0000 3.70651
24358.0000 3.58238
24378.0000 3.73189
24398.0000 3.67237
24418.0000 3.86201
24438.0000 3.7046
24458.0000 3.72275
24478.0000 3.76693
24498.0000 3.7043
24518.0000 3.76809
24538.0000 3.70889
24558.0000 3.75122
24578.0000 3.61096
24598.0000 3.68397
24618.0000 3.68287
24638.0000 3.70024
24658.0000 3.78585
24678.0000 3.65715
24698.0000 3.6657
24718.0000 3.57542
24738.0000 3.70105
24758.0000 3.70028
24778.0000 3.68862
24798.0000 3.71137
24818.0000 3.68771
24838.0000 3.80138
24858.0000 3.71961
24878.0000 3.69469
24898.0000 3.61103
24918.0000 3.56625
24938.0000 3.78247
24958.0000 3.73118
24978.0000 3.64191
24998.0000 3.76432
25018.0000 3.71604
25038.0000 3.68697
25058.0000 3.70989
25078.0000 3.72793
25098.0000 3.63568
25118.0000 3.64117
25138.0000 3.77705
25158.0000 3.66779
25178.0000 3.71952
25198.0000 3.83022
25218.0000 3.77329
25238.0000 3.77496
25258.0000 3.66426
25278.0000 3.67705
25298.0000 3.6887
25318.0000 3.66652
25338.0000 3.69937
25358.0000 3.78958
25378.0000 3.66246
25398.0000 3.7815
25418.0000 3.73341
25438.0000 3.65493
25458.0000 3.6631
25478.0000 3.85334
25498.0000 3.71948
25518.0000 3.64281
25538.0000 3.78387
25558.0000 3.86052
25578.0000 3.59276
25598.0000 3.74837
25618.0000 3.77725
25638.0000 3.71692
25658.0000 3.64506
25678.0000 3.56404
25698.0000 3.73329
25718.0000 3.66309
25738.0000 3.70585
25758.0000 3.77949
25778.0000 3.70883
25798.0000 3.74447
25818.0000 3.71837
25838.0000 3.66198
25858.0000 3.77473
25878.0000 3.81955
25898.0000 3.74879
25918.0000 3.86021
25938.0000 3.70304
25958.0000 3.70318
25978.0000 3.74155
25998.0000 3.72379
26018.0000 3.71089
26038.0000 3.64444
26058.0000 3.69778
26078.0000 3.56799
26098.0000 3.5825
26118.0000 3.63724
26138.0000 3.69825
26158.0000 3.79828
26178.0000 3.76279
26198.0000 3.72924
26218.0000 3.58884
26238.0000 3.58165
26258.0000 3.8137
26278.0000 3.66185
26298.0000 3.67286
26318.0000 3.69913
26338.0000 3.79821
26358.0000 3.69941
26378.0000 3.83331
26398.0000 3.81467
26418.0000 3.69077
26438.0000 3.59745
26458.0000 3.69215
26478.0000 3.6785
26498.0000 3.65222
26518.0000 3.70918
26538.0000 3.77579
26558.0000 3.65993
26578.0000 3.62302
26598.0000 3.74787
26618.0000 3.77183
26638.0000 3.65817
26658.0000 3.81005
26678.0000 3.72692
26698.0000 3.60057
26718.0000 3.70857
26738.0000 3.63932
26758.0000 3.88385
26778.0000 3.56617
26798.0000 3.85038
26818.0000 3.60805
26838.0000 3.71889
26858.0000 3.69913
26878.0000 3.8182
26898.0000 3.73004
26918.0000 3.73683
26938.0000 3.75171
26958.0000 3.77307
26978.0000 3.76127
26998.0000 3.63986
27018.0000 3.83011
27038.0000 3.72274
27058.0000 3.74194
27078.0000 3.73678
27098.0000 3.71745
27118.0000 3.62184
27138.0000 3.64814
27158.0000 3.60748
27178.0000 3.67567
27198.0000 3.68988
27218.0000 3.6407
27238.0000 3.58462
27258.0000 3.73043
27278.0000 3.70926
27298.0000 3.68668
27318.0000 3.82638
27338.0000 3.78062
27358.0000 3.72624
27378.0000 3.68691
27398.0000 3.77631
27418.0000 3.70941
27438.0000 3.75814
27458.0000 3.65053
27478.0000 3.73821
27498.0000 3.73856
27518.0000 3.8474
27538.0000 3.64807
27558.0000 3.77756
27578.0000 3.66067
27598.0000 3.72146
27618.0000 3.6916
27638.0000 3.72415
27658.0000 3.65635
27678.0000 3.68322
27698.0000 3.68519
27718.0000 3.68331
27738.0000 3.68744
27758.0000 3.55565
27778.0000 3.83445
27798.0000 3.84279
27818.0000 3.76891
27838.0000 3.75886
27858.0000 3.75403
27878.0000 3.84569
27898.0000 3.63167
27918.0000 3.79702
27938.0000 3.77548
27958.0000 3.70064
27978.0000 3.59186
27998.0000 3.75298
28018.0000 3.72204
28038.0000 3.70076
28058.0000 3.68155
28078.0000 3.80731
28098.0000 3.72889
28118.0000 3.73979
28138.0000 3.73381
28158.0000 3.61077
28178.0000 3.72769
28198.0000 3.77331
28218.0000 3.64474
28238.0000 3.66698
28258.0000 3.66976
28278.0000 3.62394
28298.0000 3.65661
28318.0000 3.67869
28338.0000 3.7476
28358.0000 3.68599
28378.0000 3.81967
28398.0000 3.7406
28418.0000 3.75861
28438.0000 3.58232
28458.0000 3.58113
28478.0000 3.73788
28498.0000 3.66244
28518.0000 3.6518
28538.0000 3.69897
28558.0000 3.79561
28578.0000 3.61061
28598.0000 3.83728
28618.0000 3.73664
28638.0000 3.7519
28658.0000 3.71684
28678.0000 3.82445
28698.0000 3.7062
28718.0000 3.67566
28738.0000 3.62117
28758.0000 3.70582
28778.0000 3.62199
28798.0000 3.75808
28818.0000 3.72107
28838.0000 3.77791
28858.0000 3.67309
28878.0000 3.71178
28898.0000 3.61533
28918.0000 3.77282
28938.0000 3.74566
28958.0000 3.79776
28978.0000 3.65121
28998.0000 3.68335
29018.0000 3.80184
29038.0000 3.778
29058.0000 3.62026
29078.0000 3.78821
29098.0000 3.73761
29118.0000 3.60172
29138.0000 3.8116
29158.0000 3.76977
29178.0000 3.73207
29198.0000 3.73762
29218.0000 3.68845
29238.0000 3.65195
29258.0000 3.82439
29278.0000 3.7831
29298.0000 3.78535
29318.0000 3.55488
29338.0000 3.76556
29358.0000 3.67262
29378.0000 3.73779
29398.0000 3.79234
29418.0000 3.67806
29438.0000 3.6747
29458.0000 3.79681
29478.0000 3.7057
29498.0000 3.73167
29518.0000 3.80239
29538.0000 3.70363
29558.0000 3.87771
29578.0000 3.57991
29598.0000 3.75693
29618.0000 3.70681
29638.0000 3.71109
29658.0000 3.65135
29678.0000 3.6265
29698.0000 3.78176
29718.0000 3.72856
29738.0000 3.65412
29758.0000 3.59455
29778.0000 3.66178
29798.0000 3.76389
29818.0000 3.65752
29838.0000 3.67656
29858.0000 3.71876
29878.0000 3.66489
29898.0000 3.83382
29918.0000 3.67619
29938.0000 3.64474
29958.0000 3.70313
29978.0000 3.67861
29998.0000 3.82431
