18.0000 3.96799
38.0000 3.90157
58.0000 3.88469
78.0000 3.87141
98.0000 3.80357
118.0000 3.83782
138.0000 3.89726
158.0000 3.90904
178.0000 3.88814
198.0000 3.78032
218.0000 3.88688
238.0000 3.77519
258.0000 3.88387
278.0000 3.93499
298.0000 3.85498
318.0000 3.95548
338.0000 3.94495
358.0000 3.85758
378.0000 3.9779
398.0000 3.94472
418.0000 3.96489
438.0000 3.91012
458.0000 3.85864
478.0000 3.9056
498.0000 3.94298
518.0000 3.93805
538.0000 3.86853
558.0000 3.79551
578.0000 3.91337
598.0000 3.82875
618.0000 3.85782
638.0000 3.90458
658.0000 4.01178
678.0000 3.80776
698.0000 3.94753
718.0000 3.90119
738.0000 3.98888
758.0000 3.91662
778.0000 3.91558
798.0000 3.93242
818.0000 3.93717
838.0000 4.05808
858.0000 3.90428
878.0000 3.89847
898.0000 3.99126
918.0000 3.87766
938.0000 3.82434
958.0000 3.99001
978.0000 3.88452
998.0000 4.05352
1018.0000 3.95306
1038.0000 3.91602
1058.0000 3.95909
1078.0000 3.90312
1098.0000 4.04419
1118.0000 3.88456
1138.0000 3.83949
1158.0000 3.94845
1178.0000 3.86603
1198.0000 3.90244
1218.0000 3.92713
1238.0000 3.90982
1258.0000 3.78445
1278.0000 3.92046
1298.0000 3.91981
1318.0000 3.9583
1338.0000 3.98487
1358.0000 3.9572
1378.0000 3.79431
1398.0000 3.94835
1418.0000 3.8241
1438.0000 3.84278
1458.0000 3.85427
1478.0000 3.92072
1498.0000 3.87085
1518.0000 3.99614
1538.0000 3.9139
1558.0000 3.8913
1578.0000 3.91461
1598.0000 3.92177
1618.0000 3.93387
1638.0000 3.87696
1658.0000 3.86642
1678.0000 3.94729
1698.0000 3.8184
1718.0000 3.89732
1738.0000 3.88774
1758.0000 3.78977
1778.0000 3.86814
1798.0000 3.93613
1818.0000 3.80968
1838.0000 3.84288
1858.0000 3.86914
1878.0000 3.80974
1898.0000 3.77932
1918.0000 3.97769
1938.0000 3.85694
1958.0000 3.88602
1978.0000 3.9945
1998.0000 3.81988
2018.0000 3.98453
2038.0000 3.94978
2058.0000 4.05746
2078.0000 3.9511
2098.0000 3.89965
2118.0000 4.08367
2138.0000 3.87452
2158.0000 3.91537
2178.0000 4.0535
2198.0000 3.89497
2218.0000 3.96742
2238.0000 3.93097
2258.0000 3.99203
2278.0000 4.09645
2298.0000 3.96375
2318.0000 3.9363
2338.0000 3.87652
2358.0000 3.92807
2378.0000 3.88952
2398.0000 3.96491
2418.0000 3.92848
2438.0000 3.93738
2458.0000 3.80576
2478.0000 3.95546
2498.0000 3.92372
2518.0000 4.1299
2538.0000 3.99502
2558.0000 3.82064
2578.0000 3.91688
2598.0000 3.96343
2618.0000 3.84721
2638.0000 3.97318
2658.0000 3.96991
2678.0000 4.00036
2698.0000 3.94229
2718.0000 3.92727
2738.0000 3.84676
2758.0000 3.80604
2778.0000 3.88433
2798.0000 4.03431
2818.0000 3.87933
2838.0000 3.82174
2858.0000 3.88292
2878.0000 3.9445
2898.0000 4.00972
2918.0000 3.82818
2938.0000 3.86365
2958.0000 3.95374
2978.0000 4.04443
2998.0000 3.95181
3018.0000 3.86268
3038.0000 3.78624
3058.0000 3.87127
3078.0000 3.95035
3098.0000 3.7913
3118.0000 3.9513
3138.0000 3.9276
3158.0000 3.87927
3178.0000 3.86718
3198.0000 3.79365
3218.0000 3.88845
3238.0000 3.83082
3258.0000 3.88838
3278.0000 3.95195
3298.0000 3.86416
3318.0000 3.80705
3338.0000 3.93296
3358.0000 3.80706
3378.0000 3.95832
3398.0000 3.8193
3418.0000 3.84682
3438.0000 3.73589
3458.0000 3.80701
3478.0000 3.86651
3498.0000 3.70903
3518.0000 3.97075
3538.0000 3.85316
3558.0000 3.90693
3578.0000 3.88939
3598.0000 3.74331
3618.0000 3.94501
3638.0000 3.90454
3658.0000 3.96328
3678.0000 3.87311
3698.0000 3.89678
3718.0000 3.76436
3738.0000 3.78144
3758.0000 3.97409
3778.0000 3.90157
3798.0000 3.97619
3818.0000 4.02493
3838.0000 4.06535
3858.0000 4.01908
3878.0000 3.87943
3898.0000 3.94021
3918.0000 3.87819
3938.0000 3.96366
3958.0000 3.93565
3978.0000 3.89511
3998.0000 4.0108
4018.0000 3.87267
4038.0000 3.99714
4058.0000 3.92816
4078.0000 3.91832
4098.0000 4.02126
4118.0000 3.82246
4138.0000 3.98804
4158.0000 3.86689
4178.0000 3.83085
4198.0000 3.9135
4218.0000 4.02188
4238.0000 3.89915
4258.0000 4.11815
4278.0000 3.84085
4298.0000 3.91428
4318.0000 3.92984
4338.0000 3.90873
4358.0000 3.92612
4378.0000 3.88472
4398.0000 4.02499
4418.0000 3.79788
4438.0000 3.88678
4458.0000 3.93414
4478.0000 3.77842
4498.0000 3.97006
4518.0000 3.92812
4538.0000 3.99077
4558.0000 3.82393
4578.0000 3.86706
4598.0000 3.92544
4618.0000 3.88432
4638.0000 3.94679
4658.0000 3.90052
4678.0000 3.88594
4698.0000 3.88094
4718.0000 3.86176
4738.0000 3.91889
4758.0000 3.79331
4778.0000 3.88019
4798.0000 3.93417
4818.0000 3.95696
4838.0000 3.96389
4858.0000 3.91024
4878.0000 3.96177
4898.0000 3.95114
4918.0000 3.82187
4938.0000 3.9521
4958.0000 3.90858
4978.0000 3.93406
4998.0000 3.83913
5018.0000 3.86979
5038.0000 3.83527
5058.0000 3.91892
5078.0000 3.85743
5098.0000 4.02959
5118.0000 3.99422
5138.0000 3.85933
5158.0000 3.93105
5178.0000 3.94565
5198.0000 3.98478
5218.0000 3.92373
5238.0000 3.95447
5258.0000 3.98078
5278.0000 3.95894
5298.0000 3.87735
5318.0000 3.84288
5338.0000 3.9677
5358.0000 4.09557
5378.0000 3.93752
5398.0000 3.8664
5418.0000 3.92234
5438.0000 3.93616
5458.0000 3.88066
5478.0000 3.86675
5498.0000 3.9344
5518.0000 4.05672
5538.0000 3.91826
5558.0000 3.88255
5578.0000 3.84017
5598.0000 3.9403
5618.0000 3.93989
5638.0000 3.87675
5658.0000 3.83536
5678.0000 3.84812
5698.0000 3.86806
5718.0000 3.88741
5738.0000 3.81152
5758.0000 3.93659
5778.0000 4.04338
5798.0000 3.92272
5818.0000 3.8695
5838.0000 3.91827
5858.0000 3.96374
5878.0000 3.87049
5898.0000 3.83844
5918.0000 3.9756
5938.0000 3.84089
5958.0000 3.82315
5978.0000 3.93346
5998.0000 3.95849
6018.0000 3.8948
6038.0000 3.99581
6058.0000 3.84853
6078.0000 3.90046
6098.0000 3.90994
6118.0000 3.9032
6138.0000 3.86373
6158.0000 3.96978
6178.0000 3.96775
6198.0000 3.91171
6218.0000 3.9866
6238.0000 3.89075
6258.0000 3.85426
6278.0000 3.8612
6298.0000 3.87866
6318.0000 3.96648
6338.0000 3.92788
6358.0000 3.97677
6378.0000 3.96617
6398.0000 3.99807
6418.0000 3.92093
6438.0000 3.939
6458.0000 3.85318
6478.0000 3.79463
6498.0000 3.86825
6518.0000 3.94379
6538.0000 3.93616
6558.0000 3.883
6578.0000 3.88416
6598.0000 3.91731
6618.0000 3.97189
6638.0000 3.93842
6658.0000 3.97492
6678.0000 3.93985
6698.0000 3.86345
6718.0000 3.95667
6738.0000 3.97219
6758.0000 3.83728
6778.0000 3.93578
6798.0000 3.7581
6818.0000 3.86603
6838.0000 3.96724
6858.0000 3.96966
6878.0000 3.87774
6898.0000 3.96092
6918.0000 3.91935
6938.0000 4.12921
6958.0000 3.81935
6978.0000 4.02765
6998.0000 3.89522
7018.0000 3.93406
7038.0000 3.83962
7058.0000 3.98972
7078.0000 3.88282
7098.0000 3.85347
7118.0000 3.84669
7138.0000 3.88041
7158.0000 3.84304
7178.0000 3.92229
7198.0000 3.84204
7218.0000 3.90643
7238.0000 3.97992
7258.0000 3.7948
7278.0000 3.86431
7298.0000 3.81939
7318.0000 3.8823
7338.0000 3.82649
7358.0000 4.04507
7378.0000 3.91506
7398.0000 3.98214
7418.0000 4.04228
7438.0000 3.91104
7458.0000 3.90058
7478.0000 3.97055
7498.0000 3.87422
7518.0000 3.91046
7538.0000 3.97196
7558.0000 3.89818
7578.0000 3.97965
7598.0000 3.93066
7618.0000 4.0005
7638.0000 3.86906
7658.0000 3.98669
7678.0000 3.94342
7698.0000 3.95583
7718.0000 3.90834
7738.0000 3.94604
7758.0000 3.91105
7778.0000 3.92302
7798.0000 3.91882
7818.0000 3.87063
7838.0000 3.89379
7858.0000 3.9481
7878.0000 3.89566
7898.0000 3.87703
7918.0000 3.80407
7938.0000 3.87847
7958.0000 3.85586
7978.0000 3.98841
7998.0000 4.01868
8018.0000 3.9177
8038.0000 3.88005
8058.0000 3.92836
8078.0000 3.91164
8098.0000 3.95642
8118.0000 3.8334
8138.0000 3.93822
8158.0000 4.05894
8178.0000 3.83038
8198.0000 3.87774
8218.0000 3.84042
8238.0000 3.94679
8258.0000 3.93962
8278.0000 3.8925
8298.0000 3.96319
8318.0000 3.87829
8338.0000 3.87613
8358.0000 3.90469
8378.0000 3.79649
8398.0000 3.99772
8418.0000 4.01825
8438.0000 3.88405
8458.0000 3.94805
8478.0000 3.85611
8498.0000 3.89885
8518.0000 4.01531
8538.0000 3.94996
8558.0000 3.81293
8578.0000 3.9067
8598.0000 3.88174
8618.0000 3.83383
8638.0000 3.86598
8658.0000 3.88499
8678.0000 3.79748
8698.0000 3.81102
8718.0000 4.00861
8738.0000 3.82298
8758.0000 3.96705
8778.0000 3.81879
8798.0000 3.83765
8818.0000 3.84277
8838.0000 3.87652
8858.0000 3.90109
8878.0000 3.92644
8898.0000 3.9084
8918.0000 3.8509
8938.0000 3.88928
8958.0000 3.92996
8978.0000 3.91342
8998.0000 3.92791
9018.0000 3.83383
9038.0000 3.98285
9058.0000 3.83987
9078.0000 3.92931
9098.0000 3.91821
9118.0000 4.05018
9138.0000 3.8926
9158.0000 3.92184
9178.0000 3.91752
9198.0000 3.91842
9218.0000 3.91395
9238.0000 3.86752
9258.0000 3.89143
9278.0000 3.98196
9298.0000 3.86021
9318.0000 3.95772
9338.0000 3.93856
9358.0000 3.95339
9378.0000 3.89403
9398.0000 3.88668
9418.0000 3.78453
9438.0000 3.97427
9458.0000 3.74193
9478.0000 3.84831
9498.0000 4.03907
9518.0000 3.86663
9538.0000 3.81341
9558.0000 3.80885
9578.0000 3.80585
9598.0000 3.98824
9618.0000 3.95744
9638.0000 4.016
9658.0000 3.88932
9678.0000 3.9147
9698.0000 4.00649
9718.0000 3.94938
9738.0000 3.7557
9758.0000 3.86537
9778.0000 3.91228
9798.0000 3.84465
9818.0000 3.85042
9838.0000 3.85625
9858.0000 3.9172
9878.0000 3.88599
9898.0000 3.99524
9918.0000 3.88023
9938.0000 3.78492
9958.0000 3.8441
9978.0000 3.76602
9998.0000 3.89155
10018.0000 3.89588
10038.0000 3.96599
10058.0000 3.85698
10078.0000 3.85367
10098.0000 3.97175
10118.0000 3.88995
10138.0000 3.86524
10158.0000 3.84306
10178.0000 3.84578
10198.0000 3.89863
10218.0000 3.84419
10238.0000 4.04275
10258.0000 3.99071
10278.0000 3.91858
10298.0000 3.91316
10318.0000 3.7716
10338.0000 3.85423
10358.0000 3.90928
10378.0000 3.84019
10398.0000 3.81854
10418.0000 3.79029
10438.0000 3.89446
10458.0000 3.87804
10478.0000 3.86202
10498.0000 3.91542
10518.0000 3.81047
10538.0000 3.88308
10558.0000 3.93351
10578.0000 3.94803
10598.0000 3.73794
10618.0000 3.96214
10638.0000 3.91692
10658.0000 3.94791
10678.0000 3.77257
10698.0000 3.88818
10718.0000 3.82123
10738.0000 3.85061
10758.0000 3.84844
10778.0000 3.8423
10798.0000 3.97859
10818.0000 3.78303
10838.0000 3.85357
10858.0000 3.94909
10878.0000 3.90176
10898.0000 3.95962
10918.0000 3.82449
10938.0000 3.95627
10958.0000 3.83468
10978.0000 3.89119
10998.0000 3.89301
11018.0000 3.96085
11038.0000 3.95229
11058.0000 3.85186
11078.0000 3.87012
11098.0000 3.85959
11118.0000 3.81144
11138.0000 3.90535
11158.0000 3.88239
11178.0000 3.97927
11198.0000 3.82048
11218.0000 3.7157
11238.0000 3.98894
11258.0000 4.03716
11278.0000 3.8469
11298.0000 4.0044
11318.0000 3.83818
11338.0000 3.92922
11358.0000 3.91713
11378.0000 3.90138
11398.0000 3.93982
11418.0000 3.84234
11438.0000 3.81103
11458.0000 3.92582
11478.0000 3.85316
11498.0000 3.80608
11518.0000 3.89295
11538.0000 3.90805
11558.0000 3.97953
11578.0000 3.93024
11598.0000 3.82708
11618.0000 3.77979
11638.0000 3.84679
11658.0000 3.82808
11678.0000 3.90472
11698.0000 3.84132
11718.0000 3.91524
11738.0000 3.77617
11758.0000 3.93974
11778.0000 3.96819
11798.0000 3.82219
11818.0000 3.96033
11838.0000 3.76036
11858.0000 3.83976
11878.0000 3.92998
11898.0000 4.04024
11918.0000 3.95002
11938.0000 3.86477
11958.0000 3.96429
11978.0000 3.98738
11998.0000 3.94371
12018.0000 3.84718
12038.0000 3.84668
12058.0000 3.89815
12078.0000 3.95282
12098.0000 3.98493
12118.0000 3.89584
12138.0000 4.07787
12158.0000 3.77241
12178.0000 3.93638
12198.0000 3.95745
12218.0000 3.97953
12238.0000 3.83495
12258.0000 3.84354
12278.0000 3.99212
12298.0000 3.97085
12318.0000 3.87019
12338.0000 3.96668
12358.0000 4.0022
12378.0000 3.90809
12398.0000 3.96777
12418.0000 3.88325
12438.0000 3.91777
12458.0000 3.79643
12478.0000 3.8965
12498.0000 3.98706
12518.0000 3.96711
12538.0000 3.81134
12558.0000 3.93853
12578.0000 3.97541
12598.0000 4.01934
12618.0000 3.79553
12638.0000 3.85922
12658.0000 3.81961
12678.0000 3.90259
12698.0000 3.92669
12718.0000 3.74423
12738.0000 3.78725
12758.0000 3.90787
12778.0000 3.84121
12798.0000 3.88462
12818.0000 3.86753
12838.0000 3.86049
12858.0000 3.98962
12878.0000 3.89054
12898.0000 3.86695
12918.0000 3.91472
12938.0000 3.87348
12958.0000 3.93863
12978.0000 3.92068
12998.0000 3.91568
13018.0000 3.89477
13038.0000 4.07833
13058.0000 3.95861
13078.0000 4.01197
13098.0000 3.82162
13118.0000 3.82106
13138.0000 3.9363
13158.0000 4.07486
13178.0000 3.92502
13198.0000 3.86818
13218.0000 3.84805
13238.0000 3.83368
13258.0000 3.95169
13278.0000 3.9526
13298.0000 3.82614
13318.0000 3.82398
13338.0000 3.93736
13358.0000 3.85499
13378.0000 3.95579
13398.0000 3.85341
13418.0000 3.91231
13438.0000 3.85986
13458.0000 3.98665
13478.0000 3.96173
13498.0000 3.97507
13518.0000 3.91701
13538.0000 3.91872
13558.0000 3.98715
13578.0000 3.85567
13598.0000 3.82076
13618.0000 3.81975
13638.0000 3.87544
13658.0000 3.9911
13678.0000 3.96026
13698.0000 3.85793
13718.0000 3.87908
13738.0000 4.04505
13758.0000 3.90559
13778.0000 3.8655
13798.0000 4.00077
13818.0000 3.92366
13838.0000 3.81575
13858.0000 3.779
13878.0000 3.91573
13898.0000 3.88126
13918.0000 3.92423
13938.0000 3.9009
13958.0000 3.88339
13978.0000 3.85863
13998.0000 3.97238
14018.0000 3.91443
14038.0000 3.78141
14058.0000 3.89869
14078.0000 3.9603
14098.0000 3.93463
14118.0000 3.9296
14138.0000 4.00591
14158.0000 4.01687
14178.0000 4.00198
14198.0000 3.92275
14218.0000 3.86167
14238.0000 3.90324
14258.0000 3.92362
14278.0000 3.93009
14298.0000 3.91403
14318.0000 3.88956
14338.0000 3.97913
14358.0000 3.82362
14378.0000 3.92728
14398.0000 3.93099
14418.0000 3.86157
14438.0000 3.95817
14458.0000 3.92583
14478.0000 3.91861
14498.0000 3.79946
14518.0000 3.74447
14538.0000 3.8144
14558.0000 3.91628
14578.0000 3.89971
14598.0000 3.73996
14618.0000 3.85723
14638.0000 3.93279
14658.0000 3.84291
14678.0000 3.82493
14698.0000 3.97181
14718.0000 3.9976
14738.0000 3.86167
14758.0000 3.91998
14778.0000 3.96284
14798.0000 3.95375
14818.0000 4.01773
14838.0000 3.86985
14858.0000 3.88161
14878.0000 3.92291
14898.0000 3.97142
14918.0000 4.00426
14938.0000 3.83678
14958.0000 3.90894
14978.0000 3.78258
14998.0000 3.88889
15018.0000 3.89375
15038.0000 3.82425
15058.0000 4.03293
15078.0000 3.84129
15098.0000 3.84402
15118.0000 3.92239
15138.0000 3.85094
15158.0000 3.9697
15178.0000 3.97693
15198.0000 3.95915
15218.0000 3.85285
15238.0000 3.93233
15258.0000 4.01453
15278.0000 3.91358
15298.0000 3.99896
15318.0000 3.82926
15338.0000 3.91401
15358.0000 3.95664
15378.0000 3.95772
15398.0000 3.97179
15418.0000 3.86836
15438.0000 3.96158
15458.0000 3.81654
15478.0000 3.83608
15498.0000 3.8286
15518.0000 4.01631
15538.0000 3.92576
15558.0000 3.92313
15578.0000 3.83507
15598.0000 3.74026
15618.0000 3.91909
15638.0000 3.86476
15658.0000 3.96505
15678.0000 3.86637
15698.0000 3.95028
15718.0000 4.02922
15738.0000 3.91749
15758.0000 3.87689
15778.0000 3.89738
15798.0000 3.87337
15818.0000 3.83869
15838.0000 3.89926
15858.0000 3.97862
15878.0000 3.8751
15898.0000 3.90098
15918.0000 3.75056
15938.0000 3.85822
15958.0000 3.87892
15978.0000 3.77009
15998.0000 3.91713
16018.0000 3.89208
16038.0000 3.91765
16058.0000 3.87843
16078.0000 3.81098
16098.0000 3.98561
16118.0000 3.95615
16138.0000 3.91582
16158.0000 3.92844
16178.0000 3.80741
16198.0000 4.02334
16218.0000 3.95704
16238.0000 3.73628
16258.0000 3.89377
16278.0000 3.92296
16298.0000 3.90171
16318.0000 3.78107
16338.0000 3.93212
16358.0000 3.90879
16378.0000 3.84319
16398.0000 3.98055
16418.0000 3.87309
16438.0000 3.99514
16458.0000 3.76069
16478.0000 3.75265
16498.0000 3.96204
16518.0000 3.91457
16538.0000 3.82515
16558.0000 3.79854
16578.0000 3.95019
16598.0000 3.73663
16618.0000 3.87299
16638.0000 3.89398
16658.0000 3.89366
16678.0000 3.88397
16698.0000 3.91122
16718.0000 3.94125
16738.0000 3.96721
16758.0000 3.80523
16778.0000 3.93307
16798.0000 3.93338
16818.0000 3.85784
16838.0000 3.96153
16858.0000 3.99372
16878.0000 3.96157
16898.0000 3.97742
16918.0000 3.81713
16938.0000 3.9085
16958.0000 3.94384
16978.0000 3.88301
16998.0000 3.91966
17018.0000 3.9767
17038.0000 3.90033
17058.0000 3.98535
17078.0000 3.93203
17098.0000 3.98433
17118.0000 3.74357
17138.0000 4.03837
17158.0000 3.88197
17178.0000 3.96149
17198.0000 4.07803
17218.0000 3.92537
17238.0000 3.89805
17258.0000 3.9726
17278.0000 3.97788
17298.0000 3.86807
17318.0000 3.94211
17338.0000 3.8943
17358.0000 3.98934
17378.0000 3.92999
17398.0000 3.99849
17418.0000 3.92258
17438.0000 3.8934
17458.0000 3.84773
17478.0000 3.88269
17498.0000 3.8481
17518.0000 4.00655
17538.0000 3.95652
17558.0000 3.94219
17578.0000 3.98383
17598.0000 3.78072
17618.0000 3.97339
17638.0000 3.84258
17658.0000 3.93126
17678.0000 3.9053
17698.0000 3.85878
17718.0000 3.99051
17738.0000 3.91199
17758.0000 3.77529
17778.0000 3.94445
17798.0000 3.92781
17818.0000 3.91906
17838.0000 3.94025
17858.0000 3.78379
17878.0000 3.8312
17898.0000 3.86219
17918.0000 3.93665
17938.0000 3.85591
17958.0000 4.03286
17978.0000 3.93761
17998.0000 3.85185
18018.0000 3.7111
18038.0000 3.97657
18058.0000 3.90177
18078.0000 3.81133
18098.0000 3.88475
18118.0000 3.88957
18138.0000 3.86397
18158.0000 3.87438
18178.0000 3.94009
18198.0000 3.83213
18218.0000 4.05866
18238.0000 3.90124
18258.0000 3.85139
18278.0000 3.97624
18298.0000 3.90976
18318.0000 3.83631
18338.0000 3.87216
18358.0000 3.89945
18378.0000 3.96755
18398.0000 3.8437
18418.0000 4.03884
18438.0000 4.04635
18458.0000 3.88097
18478.0000 3.92375
18498.0000 3.9725
18518.0000 3.85747
18538.0000 4.01979
18558.0000 4.01552
18578.0000 3.81765
18598.0000 4.00851
18618.0000 3.89002
18638.0000 3.93229
18658.0000 3.78371
18678.0000 3.92292
18698.0000 3.81095
18718.0000 3.89277
18738.0000 3.86742
18758.0000 4.00872
18778.0000 3.95264
18798.0000 4.01702
18818.0000 4.0582
18838.0000 3.87129
18858.0000 4.01138
18878.0000 3.89759
18898.0000 3.86795
18918.0000 3.90966
18938.0000 4.02322
18958.0000 3.89054
18978.0000 3.94731
18998.0000 3.86561
19018.0000 3.99695
19038.0000 3.89282
19058.0000 3.90489
19078.0000 3.8848
19098.0000 3.88534
19118.0000 3.93079
19138.0000 3.96156
19158.0000 3.95561
19178.0000 3.96968
19198.0000 3.91638
19218.0000 3.88407
19238.0000 3.90999
19258.0000 3.91179
19278.0000 3.87381
19298.0000 3.95898
19318.0000 3.82947
19338.0000 3.84523
19358.0000 3.80461
19378.0000 3.93206
19398.0000 3.99005
19418.0000 3.90574
19438.0000 3.89635
19458.0000 3.934
19478.0000 3.86875
19498.0000 3.95415
19518.0000 3.95079
19538.0000 3.73401
19558.0000 3.82175
19578.0000 3.92062
19598.0000 3.83326
19618.0000 3.83917
19638.0000 3.88292
19658.0000 3.93333
19678.0000 3.90524
19698.0000 3.87494
19718.0000 3.8597
19738.0000 3.995
19758.0000 3.81635
19778.0000 3.89536
19798.0000 3.8578
19818.0000 3.87021
19838.0000 4.02705
19858.0000 4.09781
19878.0000 3.97265
19898.0000 3.80835
19918.0000 3.84667
19938.0000 3.89925
19958.0000 3.99496
19978.0000 3.90702
19998.0000 3.9452
20018.0000 3.86197
20038.0000 3.9896
20058.0000 3.82656
20078.0000 3.86669
20098.0000 3.88985
20118.0000 3.90466
20138.0000 3.82146
20158.0000 3.88232
20178.0000 3.91434
20198.0000 3.85155
20218.0000 3.87278
20238.0000 3.84757
20258.0000 3.88282
20278.0000 3.92188
20298.0000 3.91555
20318.0000 3.92739
20338.0000 3.92659
20358.0000 3.9281
20378.0000 3.90531
20398.0000 3.8789
20418.0000 3.86046
20438.0000 3.95211
20458.0000 3.82496
20478.0000 3.92
20498.0000 4.00487
20518.0000 3.96888
20538.0000 3.96237
20558.0000 3.91034
20578.0000 4.037
20598.0000 3.93449
20618.0000 3.78348
20638.0000 3.91936
20658.0000 3.7728
20678.0000 3.93562
20698.0000 3.88694
20718.0000 3.84055
20738.0000 3.92154
20758.0000 3.88414
20778.0000 3.8586
20798.0000 3.85419
20818.0000 3.87131
20838.0000 3.94663
20858.0000 3.85898
20878.0000 3.97959
20898.0000 3.89246
20918.0000 3.89402
20938.0000 3.92309
20958.0000 3.90864
20978.0000 3.93944
20998.0000 3.94181
21018.0000 3.81384
21038.0000 4.04887
21058.0000 3.90757
21078.0000 3.74186
21098.0000 3.85129
21118.0000 3.95445
21138.0000 3.79749
21158.0000 3.97593
21178.0000 3.9772
21198.0000 4.01591
21218.0000 3.87497
21238.0000 3.91127
21258.0000 3.91667
21278.0000 4.04895
21298.0000 3.89828
21318.0000 3.97651
21338.0000 3.91322
21358.0000 3.96426
21378.0000 3.80922
21398.0000 3.83241
21418.0000 3.90657
21438.0000 3.94359
21458.0000 3.9037
21478.0000 3.88814
21498.0000 3.74348
21518.0000 3.85136
21538.0000 3.91823
21558.0000 3.97832
21578.0000 3.97096
21598.0000 3.85113
21618.0000 3.82484
21638.0000 3.9255
21658.0000 3.84541
21678.0000 3.86627
21698.0000 4.06805
21718.0000 3.9708
21738.0000 3.80643
21758.0000 3.91513
21778.0000 3.90454
21798.0000 3.91547
21818.0000 3.87777
21838.0000 3.89149
21858.0000 3.8823
21878.0000 4.0312
21898.0000 4.05254
21918.0000 3.89512
21938.0000 3.9226
21958.0000 3.94375
21978.0000 3.93809
21998.0000 3.8749
22018.0000 3.92476
22038.0000 3.85094
22058.0000 3.79075
22078.0000 3.99688
22098.0000 3.84196
22118.0000 3.96043
22138.0000 3.97864
22158.0000 4.01367
22178.0000 3.83006
22198.0000 3.77008
22218.0000 3.80984
22238.0000 3.82462
22258.0000 3.88264
22278.0000 4.06724
22298.0000 3.97694
22318.0000 3.78359
22338.0000 3.92867
22358.0000 3.90553
22378.0000 3.84998
22398.0000 3.80881
22418.0000 3.86716
22438.0000 3.87672
22458.0000 4.04033
22478.0000 3.99698
22498.0000 3.95217
22518.0000 3.93316
22538.0000 3.91243
22558.0000 3.98711
22578.0000 3.90749
22598.0000 3.85732
22618.0000 3.83388
22638.0000 3.88516
22658.0000 3.89871
22678.0000 3.86533
22698.0000 3.98551
22718.0000 3.94842
22738.0000 3.85251
22758.0000 3.79925
22778.0000 3.89961
22798.0000 3.9134
22818.0000 3.86126
22838.0000 3.93784
22858.0000 3.94409
22878.0000 3.81889
22898.0000 3.90645
22918.0000 3.70199
22938.0000 3.9266
22958.0000 3.86877
22978.0000 3.88023
22998.0000 3.94734
23018.0000 3.92927
23038.0000 3.78053
23058.0000 3.90651
23078.0000 3.95733
23098.0000 3.84715
23118.0000 3.81467
23138.0000 3.80834
23158.0000 3.86934
23178.0000 3.9983
23198.0000 3.91744
23218.0000 3.90617
23238.0000 4.04167
23258.0000 3.81576
23278.0000 3.97934
23298.0000 3.83166
23318.0000 3.90693
23338.0000 4.02969
23358.0000 3.89405
23378.0000 3.9291
23398.0000 3.88412
23418.0000 3.94101
23438.0000 3.84913
23458.0000 3.84339
23478.0000 3.9179
23498.0000 3.88299
23518.0000 3.91766
23538.0000 3.95611
23558.0000 3.96085
23578.0000 3.91564
23598.0000 3.80223
23618.0000 3.91142
23638.0000 3.92681
23658.0000 3.92292
23678.0000 3.84549
23698.0000 3.94813
23718.0000 3.84993
23738.0000 3.94762
23758.0000 3.95473
23778.0000 3.81592
23798.0000 3.94677
23818.0000 4.07316
23838.0000 3.89971
23858.0000 3.97034
23878.0000 3.97588
23898.0000 3.99917
23918.0000 3.83945
23938.0000 3.79136
23958.0000 3.97614
23978.0000 3.83936
23998.0000 3.83429
24018.0000 3.91587
24038.0000 3.9598
24058.0000 3.90849
24078.0000 3.99268
24098.0000 3.98157
24118.0000 3.90927
24138.0000 3.82673
24158.0000 3.90888
24178.0000 3.93873
24198.0000 3.94933
24218.0000 3.83916
24238.0000 4.02054
24258.0000 3.96647
24278.0000 3.95792
24298.0000 3.88641
24318.0000 3.90541
24338.0000 4.05745
24358.0000 3.98626
24378.0000 3.87921
24398.0000 3.99918
24418.0000 3.76705
24438.0000 3.80952
24458.0000 3.90295
24478.0000 3.96048
24498.0000 3.97007
24518.0000 3.92473
24538.0000 3.86086
24558.0000 3.83157
24578.0000 3.69428
24598.0000 3.85388
24618.0000 3.86163
24638.0000 4.02039
24658.0000 3.90455
24678.0000 3.94509
24698.0000 3.93886
24718.0000 3.97465
24738.0000 4.02578
24758.0000 4.04788
24778.0000 3.78676
24798.0000 3.88757
24818.0000 3.95943
24838.0000 4.00649
24858.0000 3.95748
24878.0000 3.97753
24898.0000 3.86529
24918.0000 3.92247
24938.0000 3.92283
24958.0000 3.83683
24978.0000 3.96909
24998.0000 3.99652
25018.0000 3.94956
25038.0000 3.96995
25058.0000 3.87874
25078.0000 3.8474
25098.0000 4.04704
25118.0000 3.98672
25138.0000 3.99609
25158.0000 3.94441
25178.0000 3.95145
25198.0000 4.05314
25218.0000 3.85341
25238.0000 3.99747
25258.0000 3.88178
25278.0000 3.81928
25298.0000 3.87197
25318.0000 3.91638
25338.0000 3.93338
25358.0000 3.78611
25378.0000 3.85868
25398.0000 3.92675
25418.0000 4.00633
25438.0000 3.93818
25458.0000 3.8936
25478.0000 3.97013
25498.0000 3.99744
25518.0000 4.0693
25538.0000 3.8645
25558.0000 3.8073
25578.0000 3.93136
25598.0000 3.84245
25618.0000 3.95799
25638.0000 3.92715
25658.0000 3.86078
25678.0000 3.85622
25698.0000 3.94526
25718.0000 3.93829
25738.0000 3.93014
25758.0000 4.00689
25778.0000 3.79529
25798.0000 3.89894
25818.0000 3.86562
25838.0000 4.00389
25858.0000 3.9078
25878.0000 3.85243
25898.0000 3.81111
25918.0000 3.80723
25938.0000 3.89986
25958.0000 3.86917
25978.0000 3.99832
25998.0000 4.06685
26018.0000 3.84339
26038.0000 3.99604
26058.0000 3.77959
26078.0000 3.80692
26098.0000 3.89346
26118.0000 3.84643
26138.0000 3.93949
26158.0000 4.09508
26178.0000 3.92263
26198.0000 3.87912
26218.0000 3.98875
26238.0000 3.95448
26258.0000 3.87092
26278.0000 3.8747
26298.0000 3.98162
26318.0000 3.93258
26338.0000 4.0049
26358.0000 3.94202
26378.0000 3.94968
26398.0000 3.88483
26418.0000 3.8959
26438.0000 3.79342
26458.0000 3.84088
26478.0000 3.93968
26498.0000 3.79841
26518.0000 3.94289
26538.0000 4.03598
26558.0000 3.88559
26578.0000 3.93576
26598.0000 3.95643
26618.0000 3.95078
26638.0000 3.83176
26658.0000 3.98128
26678.0000 3.9401
26698.0000 3.83499
26718.0000 4.03276
26738.0000 3.91816
26758.0000 3.83139
26778.0000 3.91084
26798.0000 3.89369
26818.0000 3.88605
26838.0000 3.92958
26858.0000 3.91629
26878.0000 4.03594
26898.0000 3.9226
26918.0000 3.87599
26938.0000 4.06507
26958.0000 3.78198
26978.0000 3.86984
26998.0000 3.86763
27018.0000 3.89248
27038.0000 3.93032
27058.0000 3.8764
27078.0000 3.97852
27098.0000 3.88792
27118.0000 3.72519
27138.0000 4.00607
27158.0000 3.93396
27178.0000 3.85579
27198.0000 3.86564
27218.0000 3.75491
27238.0000 3.76261
27258.0000 4.00676
27278.0000 3.88269
27298.0000 3.99656
27318.0000 3.93406
27338.0000 3.81987
27358.0000 3.92339
27378.0000 3.85018
27398.0000 3.80254
27418.0000 3.94135
27438.0000 3.9005
27458.0000 4.02408
27478.0000 3.9679
27498.0000 3.92655
27518.0000 3.99823
27538.0000 3.93199
27558.0000 3.95888
27578.0000 3.89741
27598.0000 3.89334
27618.0000 3.93058
27638.0000 3.88018
27658.0000 3.99711
27678.0000 3.915
27698.0000 3.92537
27718.0000 3.77485
27738.0000 3.95463
27758.0000 3.92102
27778.0000 4.06651
27798.0000 3.93422
27818.0000 3.82434
27838.0000 3.95665
27858.0000 3.88734
27878.0000 3.95422
27898.0000 3.91526
27918.0000 3.92824
27938.0000 3.86864
27958.0000 4.01318
27978.0000 3.83289
27998.0000 3.82692
28018.0000 3.9
28038.0000 3.8538
28058.0000 3.80999
28078.0000 3.87077
28098.0000 3.89774
28118.0000 3.88503
28138.0000 3.93202
28158.0000 3.92648
28178.0000 3.90326
28198.0000 3.85808
28218.0000 3.95101
28238.0000 3.9046
28258.0000 3.87459
28278.0000 3.83885
28298.0000 4.01766
28318.0000 4.00314
28338.0000 3.87778
28358.0000 3.96675
28378.0000 3.84699
28398.0000 3.89865
28418.0000 3.95148
28438.0000 3.92135
28458.0000 4.08137
28478.0000 3.98898
28498.0000 3.93162
28518.0000 3.78723
28538.0000 3.90268
28558.0000 3.82722
28578.0000 4.03837
28598.0000 3.87528
28618.0000 3.93505
28638.0000 3.93251
28658.0000 3.90468
28678.0000 3.94116
28698.0000 3.865
28718.0000 3.7172
28738.0000 3.88476
28758.0000 3.83557
28778.0000 3.89444
28798.0000 3.76654
28818.0000 3.8646
28838.0000 3.9106
28858.0000 3.93297
28878.0000 3.93002
28898.0000 3.94283
28918.0000 3.96099
28938.0000 3.90098
28958.0000 3.97106
28978.0000 3.95349
28998.0000 3.91792
29018.0000 3.9754
29038.0000 3.90361
29058.0000 3.88455
29078.0000 3.94433
29098.0000 3.78854
29118.0000 3.85632
29138.0000 3.81923
29158.0000 4.04206
29178.0000 3.87066
29198.0000 4.00409
29218.0000 3.73997
29238.0000 3.93892
29258.0000 3.94886
29278.0000 3.85091
29298.0000 3.84043
29318.0000 3.86093
29338.0000 3.91799
29358.0000 3.9125
29378.0000 3.89174
29398.0000 3.84864
29418.0000 3.86228
29438.0000 3.8516
29458.0000 3.9204
29478.0000 4.06378
29498.0000 3.90539
29518.0000 3.99766
29538.0000 3.9036
29558.0000 3.94702
29578.0000 3.88383
29598.0000 3.89579
29618.0000 4.0197
29638.0000 3.88604
29658.0000 3.86491
29678.0000 4.0117
29698.0000 3.89281
29718.0000 3.88248
29738.0000 3.91562
29758.0000 3.85203
29778.0000 4.02184
29798.0000 3.96785
29818.0000 3.88351
29838.0000 3.912
29858.0000 3.97285
29878.0000 3.94668
29898.0000 3.76748
29918.0000 3.69108
29938.0000 3.94688
29958.0000 3.8005
29978.0000 3.84533
29998.0000 4.01877
